Num samples: 86
Num observations: 4623
Total count: 1854980
Table density (fraction of non-zero values): 0.090
Table md5 (unzipped): 2b057162b2bb706694e4a59627c91d8c

Counts/sample summary:
 Min: 4.0
 Max: 60974.0
 Median: 21926.000
 Mean: 21569.535
 Std. dev.: 14130.064
 Sample Metadata Categories: None provided
 Observation Metadata Categories: taxonomy

Counts/sample detail:
 Swab.74.1135620: 4.0
 Swab.34.1135588: 8.0
 Swab.50.1135580: 8.0
 Swab.42.1135602: 162.0
 Swab.41.1135599: 420.0
 Swab.58.1135606: 524.0
 Swab.70.1135595: 700.0
 Swab.66.1135630: 1362.0
 Swab.80.1135571: 1388.0
 Swab.62.1135600: 1780.0
 Swab.2.1135638: 2014.0
 Swab.39.1135582: 5300.0
 Swab.47.1135626: 5728.0
 Swab.75.1135594: 5920.0
 Swab.53.1135590: 7132.0
 Swab.7.1135613: 7284.0
 Swab.55.1135607: 7438.0
 Swab.49.1135614: 7638.0
 Swab.69.1135575: 8844.0
 Swab.35.1135623: 8890.0
 Swab.54.1135627: 8930.0
 Cheese.B1.1135637: 9168.0
 Swab.76.1135648: 10456.0
 Swab.38.1135585: 10624.0
 Swab.45.1135568: 11086.0
 Swab.61.1135615: 12348.0
 Swab.32.1135643: 12534.0
 Swab.51.1135649: 12672.0
 Swab.46.1135577: 12786.0
 Swab.15.1135625: 13362.0
 Cheese.B4.1135633: 14212.0
 Swab.78.1135631: 15618.0
 Swab.31.1135603: 17362.0
 Cheese.A4.1135570: 18019.0
 Swab.43.1135634: 18398.0
 Swab.29.1135624: 18574.0
 Swab.73.1135645: 18710.0
 Swab.30.1135650: 19060.0
 Swab.68.1135651: 19204.0
 Swab.26.1135591: 20610.0
 Swab.60.1135635: 21056.0
 Swab.9.1135578: 21440.0
 Swab.40.1135597: 21446.0
 Swab.36.1135573: 22406.0
 Swab.6.1135611: 22728.0
 Swab.63.1135642: 22858.0
 Swab.71.1135605: 22926.0
 Swab.14.1135567: 22970.0
 Swab.44.1135632: 23180.0
 Swab.23.1135628: 25012.0
 Swab.5.1135566: 25246.0
 Swab.17.1135641: 25288.0
 Swab.48.1135636: 25562.0
 Swab.33.1135612: 25624.0
 Swab.52.1135617: 25780.0
 Swab.13.1135581: 26264.0
 Cheese.B3.1135586: 26966.0
 Swab.16.1135618: 27458.0
 Swab.8.1135574: 27696.0
 Swab.57.1135583: 27916.0
 Swab.10.1135619: 28338.0
 Swab.18.1135576: 28398.0
 Swab.27.1135640: 29100.0
 Swab.28.1135629: 30236.0
 Swab.1.1135644: 30290.0
 Swab.3.1135572: 32392.0
 Swab.12.1135608: 33258.0
 Swab.37.1135592: 33300.0
 Swab.22.1135593: 34436.0
 Swab.4.1135610: 34704.0
 Swab.56.1135579: 34818.0
 Swab.21.1135639: 34872.0
 Swab.67.1135616: 35346.0
 Swab.11.1135622: 35592.0
 Swab.72.1135646: 38138.0
 Swab.65.1135621: 38176.0
 Cheese.A3.1135609: 39585.0
 Swab.64.1135647: 43450.0
 Swab.20.1135598: 43590.0
 Cheese.B2.1135601: 43789.0
 Swab.59.1135584: 43886.0
 Swab.25.1135587: 43888.0
 Cheese.A1.1135569: 44924.0
 Cheese.A2.1135589: 48439.0
 Swab.24.1135596: 54962.0
 Swab.19.1135604: 60974.0

-----------------------------

this many sequences were in the original "seq.fna" file:
2695845
