Num samples: 109
Num observations: 7721
Total count: 345349
Table density (fraction of non-zero values): 0.051
Table md5 (unzipped): d56e36d7d1cdbf664c4eb7984e79e261

Counts/sample summary:
 Min: 13.0
 Max: 6917.0
 Median: 3471.000
 Mean: 3168.339
 Std. dev.: 1162.219
 Sample Metadata Categories: None provided
 Observation Metadata Categories: taxonomy

Counts/sample detail:
 PTBF1.489562: 13.0
 EKCM9.489514: 28.0
 PTBF4.489483: 34.0
 PTAM4.489517: 524.0
 PTCM2.489469: 1046.0
 PTCF10.489534: 1209.0
 PTAM9.489543: 1340.0
 PTCM5.489525: 1361.0
 PTAM3.489461: 1583.0
 PTAM6.489451: 1805.0
 PTBF9.489570: 1814.0
 PTCF6.489533: 1914.0
 PTBF7.489532: 1957.0
 EKBF9.489520: 1962.0
 PTCF2.489540: 1988.0
 PTCF3.489529: 1989.0
 PTCM10.489512: 2000.0
 PTCF9.489454: 2023.0
 PTCM3.489508: 2048.0
 PTCF4.489538: 2051.0
 PTBM2.489516: 2095.0
 PTCM8.489465: 2163.0
 PTCF7.489531: 2164.0
 B2.489526: 2167.0
 PTCM7.489468: 2188.0
 PTCM1.489536: 2197.0
 PTCF1.489467: 2238.0
 PTCF8.489486: 2268.0
 PTCF5.489507: 2300.0
 EKBF5.489551: 2310.0
 PTCM4.489484: 2311.0
 PTCM6.489574: 2368.0
 PTBF10.489566: 2390.0
 PTAM7.489553: 2400.0
 EKCM5.489561: 2479.0
 EKCF9.489499: 2511.0
 PTCM9.489527: 2555.0
 PTBM3.489559: 2646.0
 B1.489537: 2749.0
 PTAF10.489458: 2773.0
 EKBF10.489552: 2813.0
 PTAM10.489487: 3002.0
 EKCF2.489571: 3004.0
 PTAM2.489554: 3130.0
 B6.489449: 3137.0
 EKAF10.489503: 3162.0
 B3.489528: 3251.0
 EKAM10.489518: 3322.0
 EKCF7.489557: 3334.0
 PTBM7.489547: 3389.0
 PTBF2.489545: 3434.0
 EKBF4.489491: 3449.0
 EKAF6.489460: 3459.0
 EKBM2.489466: 3469.0
 EKAM4.489564: 3471.0
 EKAF7.489567: 3507.0
 EKBF8.489493: 3530.0
 EKBF2.489510: 3535.0
 PTBM10.489535: 3538.0
 PTBM6.489476: 3559.0
 EKAF4.489521: 3591.0
 PTAM5.489496: 3591.0
 EKCF1.489542: 3591.0
 PTBF5.489479: 3608.0
 EKBM3.489450: 3615.0
 EKCM6.489475: 3630.0
 EKCF6.489456: 3633.0
 EKAF9.489500: 3667.0
 PTBM4.489490: 3707.0
 EKBM10.489477: 3718.0
 EKCM10.489502: 3747.0
 EKBF1.489501: 3766.0
 EKAF2.489569: 3773.0
 PTAF2.489522: 3775.0
 EKCF8.489457: 3819.0
 PTBM8.489497: 3842.0
 PTAF7.489568: 3858.0
 PTAM8.489453: 3860.0
 EKAM7.489572: 3875.0
 EKAF3.489546: 3899.0
 EKCM4.489509: 3966.0
 PTAF5.489560: 3968.0
 PTAF8.489480: 3977.0
 EKCM2.489495: 4021.0
 EKBM4.489515: 4022.0
 EKCF5.489488: 4093.0
 EKCM1.489478: 4104.0
 EKAM5.489530: 4107.0
 PTAF6.489492: 4134.0
 PTAF1.489471: 4138.0
 EKBM8.489473: 4170.0
 EKBM7.489474: 4187.0
 EKBM6.489504: 4189.0
 EKAF5.489565: 4221.0
 EKCM8.489573: 4222.0
 EKAF1.489470: 4287.0
 EKBF7.489524: 4296.0
 EKBM9.489548: 4307.0
 PTBM9.489505: 4339.0
 EKAM8.489462: 4379.0
 EKCF10.489541: 4410.0
 EKCF4.489498: 4454.0
 EKCM7.489464: 4563.0
 EKAM6.489544: 4739.0
 EKBM5.489472: 4809.0
 EKAM1.489459: 5072.0
 PTAF9.489513: 5096.0
 B5.489455: 5141.0
 EKAF8.489558: 6917.0

-----------------------------

this many sequences were in the original "seq.fna" file:
378334
