Num samples: 55
Num observations: 2856
Total count: 135121
Table density (fraction of non-zero values): 0.062
Table md5 (unzipped): 9313f4611d47fad48ba3750cae85aae9

Counts/sample summary:
 Min: 122.0
 Max: 33771.0
 Median: 1892.000
 Mean: 2456.745
 Std. dev.: 4324.854
 Sample Metadata Categories: None provided
 Observation Metadata Categories: taxonomy

Counts/sample detail:
 SFFP24.522462: 122.0
 NYMP23.522448: 216.0
 SFFP2.522486: 338.0
 SFMP28.522450: 522.0
 NYFC7.522459: 686.0
 NYMC5.522451: 1187.0
 SFFC24.522467: 1215.0
 NYMC23.522436: 1288.0
 SFMC16.522482: 1296.0
 SFMC5.522444: 1306.0
 TUFC24.522438: 1351.0
 NYFC4.522466: 1475.0
 NYMP5.522445: 1478.0
 SFMC7.522456: 1481.0
 NYFP22.522470: 1513.0
 NYFP16.522442: 1514.0
 NYMC31.522475: 1545.0
 NYFC16.522479: 1558.0
 NYFP4.522464: 1561.0
 NYMP18.522453: 1566.0
 NYMP28.522461: 1569.0
 NYFC22.522465: 1578.0
 TUMC11.522440: 1626.0
 NYFP19.522441: 1648.0
 SFFC23.522471: 1752.0
 SFMP7.522455: 1783.0
 NYMP31.522449: 1882.0
 NYMC18.522437: 1892.0
 NYFP7.522477: 1948.0
 SFFP3.522454: 1970.0
 TUMP18.522485: 2025.0
 SFMC29.522447: 2043.0
 SFFC2.522476: 2056.0
 SFMP29.522452: 2082.0
 TUMC15.522483: 2098.0
 SFMP16.522460: 2151.0
 SFFP23.522478: 2156.0
 TUMC18.522481: 2249.0
 TUFC13.522473: 2255.0
 SFFC10.522446: 2268.0
 TUFP4.522432: 2319.0
 TUFP24.522463: 2353.0
 TUMP23.522457: 2542.0
 SFMC28.522435: 2595.0
 TUFC4.522468: 2716.0
 SFFP10.522484: 2721.0
 SFFC3.522434: 2729.0
 TUFP22.522474: 2731.0
 TUMP25.522443: 2733.0
 TUMP15.522439: 2806.0
 TUFC22.522433: 2855.0
 TUMP11.522458: 2912.0
 TUMC25.522469: 2974.0
 TUMC23.522480: 4115.0
 TUFC19.522472: 33771.0

-----------------------------

this many sequences were in the original "seq.fna" file:
141975
