Num samples: 89
Num observations: 6953
Total count: 71725
Table density (fraction of non-zero values): 0.050
Table md5 (unzipped): 511145eaec559cdc40c25637f9a8d192

Counts/sample summary:
 Min: 1.0
 Max: 1240.0
 Median: 808.000
 Mean: 805.899
 Std. dev.: 165.345
 Sample Metadata Categories: None provided
 Observation Metadata Categories: taxonomy

Counts/sample detail:
 BB1.141690: 1.0
 HI1.141693: 349.0
 MD4.141660: 404.0
 LQ1.141701: 468.0
 CF2.141679: 596.0
 LQ2.141729: 617.0
 MD3.141707: 628.0
 SP2.141678: 636.0
 PE2.141725: 644.0
 CF3.141691: 649.0
 GB5.141668: 655.0
 JT1.141699: 664.0
 PE1.141715: 685.0
 SR2.141673: 688.0
 CA2.141685: 693.0
 PE6.141700: 696.0
 SA1.141670: 699.0
 SN3.141650: 705.0
 RT2.141710: 713.0
 HI4.141735: 718.0
 SV1.141649: 728.0
 CC1.141721: 731.0
 SN1.141681: 732.0
 SR1.141680: 748.0
 HI2.141672: 749.0
 KP3.141658: 752.0
 HF2.141686: 755.0
 BP1.141702: 763.0
 SV2.141666: 764.0
 TL3.141709: 765.0
 LQ3.141712: 767.0
 SK2.141662: 767.0
 KP4.141733: 769.0
 SK3.141716: 770.0
 CO3.141651: 778.0
 MP1.141661: 788.0
 SA2.141687: 790.0
 PE7.141734: 791.0
 PE5.141692: 795.0
 DF3.141696: 797.0
 MD2.141689: 801.0
 CO2.141657: 801.0
 AR1.141727: 802.0
 PE4.141683: 804.0
 CL2.141671: 808.0
 HJ2.141717: 821.0
 SR3.141674: 822.0
 BF2.141708: 827.0
 BB2.141659: 827.0
 VC2.141694: 829.0
 AR3.141705: 831.0
 SF2.141677: 835.0
 SK1.141669: 845.0
 IT2.141720: 850.0
 HJ1.141718: 850.0
 CA1.141704: 854.0
 TL2.141706: 859.0
 RT1.141654: 862.0
 DF2.141726: 865.0
 AR2.141703: 865.0
 SP1.141656: 866.0
 PE3.141731: 868.0
 DF1.141684: 869.0
 KP1.141713: 874.0
 GB3.141652: 877.0
 CL4.141667: 877.0
 CL1.141697: 883.0
 HF1.141663: 905.0
 BF1.141647: 909.0
 CF1.141675: 909.0
 MT1.141719: 914.0
 CR1.141682: 918.0
 CO1.141714: 927.0
 VC1.141722: 936.0
 IT1.141711: 942.0
 MP2.141695: 944.0
 HI3.141676: 948.0
 TL1.141653: 952.0
 IE1.141648: 977.0
 IE2.141655: 983.0
 MD5.141688: 990.0
 CL3.141664: 1008.0
 BZ1.141724: 1008.0
 CM1.141723: 1024.0
 SF1.141728: 1042.0
 MT2.141698: 1065.0
 GB1.141665: 1092.0
 GB2.141732: 1113.0
 SB1.141730: 1240.0

-----------------------------

this many sequences were in the original "seq.fna" file:
151387
